0.7001 0.6766 0.2383
0.7015 0.6376 0.2199
0.7030 0.6229 0.2137
0.7045 0.6404 0.2186
0.7060 0.6005 0.2096
0.7076 0.5889 0.2034
0.7092 0.6187 0.2114
0.7108 0.6023 0.2052
0.7125 0.5958 0.2033
0.7142 0.6295 0.2134
0.7159 0.5904 0.2016
0.7177 0.6465 0.2191
0.7195 0.6367 0.2142
0.7213 0.6042 0.2057
0.7232 0.5935 0.2020
0.7250 0.6154 0.2102
0.7270 0.5804 0.1991
0.7289 0.6093 0.2096
0.7309 0.6065 0.2058
0.7329 0.6086 0.2084
0.7350 0.6033 0.2052
0.7371 0.6012 0.2031
0.7392 0.5965 0.2029
0.7413 0.6163 0.2118
0.7435 0.6288 0.2154
0.7457 0.5991 0.2059
0.7479 0.6359 0.2156
0.7501 0.6265 0.2145
0.7524 0.6122 0.2072
0.7547 0.6279 0.2171
0.7571 0.6040 0.2069
0.7594 0.5894 0.1991
0.7618 0.5856 0.2003
0.7642 0.6099 0.2073
0.7667 0.6236 0.2109
0.7692 0.6077 0.2072
0.7717 0.6210 0.2095
0.7742 0.6218 0.2126
0.7768 0.6249 0.2130
0.7793 0.6235 0.2108
0.7819 0.6127 0.2088
0.7846 0.6234 0.2141
0.7872 0.6280 0.2135
0.7899 0.6168 0.2119
0.7926 0.5980 0.2034
0.7953 0.6070 0.2078
0.7981 0.6114 0.2093
0.8009 0.6242 0.2157
0.8037 0.6112 0.2072
0.8065 0.6128 0.2078
0.8094 0.6009 0.2043
0.8122 0.8468 0.3656
0.8151 0.6676 0.2304
0.8180 0.5952 0.2024
0.8210 0.6007 0.2024
0.8239 0.6031 0.2050
0.8269 0.5869 0.1991
0.8299 0.6116 0.2096
0.8330 0.5993 0.2039
0.8360 0.5849 0.1987
0.8391 0.5812 0.1961
0.8422 0.6030 0.2069
0.8453 0.5905 0.2029
0.8484 0.5742 0.1980
0.8516 0.5834 0.1999
0.8547 0.5937 0.2027
0.8579 0.5803 0.1983
0.8612 0.5899 0.2009
0.8644 0.5796 0.1967
0.8676 0.5793 0.1979
0.8709 0.5798 0.1961
0.8742 0.5811 0.1975
0.8775 0.6054 0.2066
0.8808 0.5073 0.2003
0.8842 0.5444 0.1901
0.8875 0.5911 0.2023
0.8909 0.5656 0.1918
0.8943 0.5647 0.1922
0.8977 0.5805 0.1983
0.9012 0.5674 0.1936
0.9046 0.5700 0.1933
0.9081 0.5684 0.1932
0.9116 0.5734 0.1963
0.9151 0.5679 0.1936
0.9186 0.5673 0.1924
0.9221 0.5686 0.1958
0.9257 0.5787 0.1963
0.9292 0.5745 0.1968
0.9328 0.5591 0.1888
0.9364 0.5956 0.2028
0.9400 0.5742 0.1941
0.9436 0.5824 0.1978
0.9473 0.5667 0.1922
0.9509 0.5842 0.1994
0.9546 0.5843 0.2004
0.9583 0.5784 0.1978
0.9620 0.5615 0.1885
0.9657 0.5719 0.1941
0.9694 0.5768 0.1963
0.9731 0.5760 0.1987
0.9769 0.5760 0.1951
0.9807 0.5935 0.2024
0.9844 0.5974 0.2036
0.9882 0.5962 0.2039
0.9920 0.5888 0.2035
0.9958 0.5845 0.1993
0.9997 0.5909 0.2023
1.0035 0.5772 0.1970
1.0073 0.5887 0.2009
1.0112 0.5914 0.2031
1.0151 0.5915 0.2022
1.0190 0.5962 0.2039
1.0229 0.5918 0.2014
1.0268 0.6022 0.2060
1.0307 0.5882 0.2007
1.0346 0.5993 0.2043
1.0385 0.5957 0.2022
1.0425 0.5884 0.2017
1.0464 0.6034 0.2069
1.0504 0.6060 0.2071
1.0544 0.5991 0.2043
1.0584 0.5947 0.2030
1.0624 0.6067 0.2099
1.0664 0.6006 0.2069
1.0704 0.5909 0.2007
1.0744 0.5950 0.2018
1.0784 0.6096 0.2076
1.0825 0.6229 0.2132
1.0865 0.6138 0.2094
1.0906 0.6183 0.2125
1.0946 0.6214 0.2143
1.0987 0.6122 0.2097
1.1028 0.6079 0.2071
1.1069 0.6074 0.2056
1.1110 0.6264 0.2134
1.1151 0.6205 0.2128
1.1192 0.6228 0.2111
1.1233 0.6190 0.2104
1.1274 0.6312 0.2152
1.1315 0.6325 0.2167
1.1357 0.6322 0.2136
1.1398 0.6501 0.2216
1.1440 0.6608 0.2237
1.1481 0.6404 0.2155
1.1523 0.6636 0.2255
1.1564 0.6556 0.2235
1.1606 0.6534 0.2221
1.1648 0.6671 0.2266
1.1690 0.6590 0.2232
1.1731 0.6596 0.2235
1.1773 0.6622 0.2272
1.1815 0.6636 0.2273
1.1857 0.6633 0.2260
1.1899 0.6566 0.2246
1.1941 0.6667 0.2269
1.1984 0.6613 0.2269
1.2026 0.6606 0.2225
1.2068 0.6608 0.2258
1.2110 0.6584 0.2217
1.2152 0.6857 0.2338
1.2195 0.6567 0.2220
1.2237 0.6708 0.2301
1.2280 0.6674 0.2266
1.2322 0.6694 0.2265
1.2364 0.6935 0.2369
1.2407 0.6709 0.2284
1.2449 0.6808 0.2307
1.2492 0.6856 0.2339
1.2535 0.6726 0.2264
1.2577 0.6789 0.2276
1.2620 0.7003 0.2372
1.2662 0.6873 0.2322
1.2705 0.6802 0.2284
1.2748 0.6735 0.2256
1.2790 0.6846 0.2303
1.2833 0.6730 0.2269
1.2876 0.6839 0.2304
1.2919 0.6967 0.2353
1.2961 0.6918 0.2347
1.3004 0.7017 0.2388
1.3047 0.7035 0.2385
1.3090 0.6973 0.2348
1.3133 0.7129 0.2194
1.3175 0.6300 0.2274
1.3218 0.5836 0.2321
1.3261 0.6818 0.2345
1.3304 0.7055 0.2388
1.3347 0.6877 0.2351
1.3389 0.6987 0.2379
1.3432 0.7090 0.2411
1.3475 0.6562 0.2277
1.3518 0.6928 0.2365
1.3561 0.6968 0.2369
1.3604 0.6880 0.2358
1.3646 0.7235 0.2486
1.3689 0.6934 0.2363
1.3732 0.7266 0.2505
1.3775 0.7422 0.2552
1.3817 0.7269 0.2478
1.3860 0.7633 0.2573
1.3903 0.7104 0.2418
1.3946 0.7455 0.2531
1.3988 0.7858 0.2656
1.4031 0.7366 0.2483
1.4074 0.7392 0.2493
1.4117 0.7477 0.2466
1.4159 0.7544 0.2594
1.4202 0.7519 0.2547
1.4244 0.7600 0.2568
1.4287 0.7474 0.2543
1.4330 0.7538 0.2565
1.4372 0.7481 0.2545
1.4415 0.7563 0.2581
1.4457 0.7843 0.2670
1.4500 0.7728 0.2637
1.4542 0.7725 0.2632
1.4585 0.7611 0.2596
1.4627 0.7487 0.2521
1.4669 0.7559 0.2582
1.4712 0.7719 0.2591
1.4754 0.7422 0.2495
1.4796 0.7388 0.2472
1.4839 0.7388 0.2481
1.4881 0.7645 0.2571
1.4923 0.7435 0.2500
1.4965 0.7499 0.2516
1.5007 0.7962 0.2669
1.5049 0.7874 0.2665
1.5091 0.7608 0.2565
1.5133 0.7739 0.2598
1.5175 0.7655 0.2566
1.5217 0.7458 0.2501
1.5259 0.7527 0.2529
1.5301 0.7810 0.2648
1.5343 0.7819 0.2623
1.5385 0.7746 0.2598
1.5426 0.7841 0.2640
1.5468 0.7558 0.2533
1.5510 0.7680 0.2573
1.5551 0.7715 0.2603
1.5593 0.7641 0.2565
1.5634 0.7581 0.2539
1.5676 0.7715 0.2614
1.5717 0.7438 0.2559
1.5758 0.8047 0.2806
1.5800 0.7562 0.2534
1.5841 0.7285 0.2451
1.5882 0.7308 0.2449
1.5923 0.7752 0.2618
1.5964 0.7400 0.2482
1.6005 0.7592 0.2566
1.6046 0.7443 0.2510
1.6087 0.7661 0.2566
1.6128 0.7350 0.2462
1.6169 0.7554 0.2539
1.6210 0.7646 0.2565
1.6250 0.7552 0.2548
1.6291 0.7887 0.2645
1.6332 0.7428 0.2485
1.6372 0.7470 0.2479
1.6413 0.8902 0.0886
1.6453 1.4748 0.4593
1.6494 1.1459 0.1245
1.6534 0.7377 0.2439
1.6574 0.7454 0.2517
1.6614 0.7639 0.2588
1.6654 0.7485 0.2514
1.6694 0.7435 0.2492
1.6734 0.7400 0.2499
1.6774 0.7556 0.2537
1.6814 0.7853 0.2636
1.6854 0.7367 0.2472
1.6894 0.7403 0.2480
1.6933 0.7385 0.2474
1.6973 0.7234 0.2428
1.7013 0.7378 0.2491
1.7052 0.7169 0.2457
1.7092 0.7462 0.2524
1.7131 0.7305 0.2469
1.7170 0.7362 0.2477
1.7209 0.7128 0.2410
1.7248 0.7049 0.2360
1.7288 0.7057 0.2400
1.7327 0.7278 0.2485
1.7365 0.7183 0.2417
1.7404 0.7380 0.2480
1.7443 0.7205 0.2422
1.7482 0.7236 0.2428
1.7521 0.7341 0.2462
1.7559 0.7031 0.2375
1.7598 0.7060 0.2374
1.7636 0.7303 0.2441
1.7674 0.7467 0.2509
1.7713 0.7279 0.2441
1.7751 0.7631 0.2605
1.7789 0.7351 0.2500
1.7827 0.7284 0.2475
1.7865 0.7148 0.2410
1.7903 0.7422 0.2486
1.7941 0.7217 0.2452
1.7979 0.6796 0.2322
1.8017 0.7408 0.2542
1.8054 0.6541 0.2232
1.8092 0.6643 0.2256
1.8129 0.6878 0.2547
1.8167 0.7281 0.2455
1.8204 0.7174 0.2487
1.8241 0.7029 0.2424
1.8278 0.7573 0.2668
1.8316 0.7071 0.2438
1.8353 0.7383 0.2630
1.8390 0.6976 0.2575
1.8427 0.6912 0.2851
1.8463 0.6741 0.2472
1.8500 0.6508 0.2636
1.8537 0.7710 0.2878
1.8573 0.7896 0.3316
1.8610 0.7220 0.2670
1.8646 0.7254 0.2853
1.8683 0.6435 0.2371
1.8719 0.7654 0.2812
1.8755 0.7448 0.3303
1.8791 0.6119 0.2880
1.8827 0.6399 0.2565
1.8863 0.8131 0.2909
1.8899 0.7222 0.2603
1.8935 0.7447 0.2599
1.8971 0.7946 0.2736
1.9007 0.7184 0.2508
1.9042 0.7828 0.2709
1.9078 0.7431 0.2608
1.9113 0.7914 0.2836
1.9149 0.7817 0.2824
1.9184 0.8280 0.2962
1.9219 0.7958 0.2790
1.9254 0.6966 0.2453
1.9289 0.7036 0.2695
1.9324 0.6766 0.2396
1.9359 0.7325 0.2697
1.9394 0.7362 0.2601
1.9429 0.6992 0.2422
1.9463 0.7107 0.2429
1.9498 0.7092 0.2415
1.9533 0.7059 0.2440
1.9567 0.7191 0.2456
1.9602 0.7018 0.2426
1.9636 0.7126 0.2452
1.9670 0.6780 0.2340
1.9704 0.6596 0.2416
1.9738 0.7227 0.2518
1.9772 0.6830 0.2313
1.9806 0.7368 0.2525
1.9840 0.7538 0.2559
1.9874 0.7133 0.2421
1.9908 0.6846 0.2319
1.9941 0.7186 0.2445
1.9975 0.7230 0.2479
2.0008 0.6718 0.2432
2.0042 0.6951 0.2527
2.0075 0.6788 0.2321
2.0109 0.7163 0.2844
2.0142 0.7715 0.3502
2.0175 0.7036 0.2669
2.0208 0.6291 0.2170
2.0241 0.7114 0.2466
2.0274 0.6943 0.2396
2.0307 0.7647 0.2810
2.0340 -.9999 -.9999
2.0372 0.3037 0.3437
2.0405 0.7339 0.2509
2.0438 0.7109 0.2428
2.0470 0.7309 0.2535
2.0503 0.7199 0.2454
2.0535 0.7089 0.2527
2.0567 0.7221 0.2473
2.0600 0.7509 0.2546
2.0632 0.7449 0.2598
2.0664 0.6739 0.2326
2.0696 0.6464 0.2295
2.0728 0.7327 0.2505
2.0760 0.6969 0.2359
2.0792 0.6956 0.2377
2.0824 0.6970 0.2396
2.0855 0.7225 0.2435
2.0887 0.7237 0.2446
2.0919 0.6851 0.2335
2.0950 0.6954 0.2360
2.0982 0.7128 0.2410
2.1013 0.7151 0.2440
2.1045 0.7036 0.2378
2.1076 0.6738 0.2286
2.1107 0.7472 0.2511
2.1138 0.6948 0.2419
2.1170 0.6948 0.2427
2.1201 0.7439 0.2528
2.1232 0.7090 0.2384
2.1263 0.7156 0.2412
2.1294 0.7270 0.2461
2.1324 0.7459 0.2504
2.1355 0.7552 0.2556
2.1386 0.7179 0.2442
2.1417 0.7208 0.2473
2.1447 0.7172 0.2438
2.1478 0.6870 0.2363
2.1508 0.6777 0.2356
2.1539 0.7077 0.2401
2.1569 0.7134 0.2522
2.1600 0.7288 0.2530
2.1630 0.7330 0.2489
2.1660 0.7341 0.2482
2.1691 0.7301 0.2516
2.1721 0.7075 0.2401
2.1751 0.6628 0.2261
2.1781 0.6929 0.2356
2.1811 0.7212 0.2456
2.1841 0.6623 0.2329
2.1871 0.7441 0.2568
2.1901 0.7422 0.2530
2.1931 0.7163 0.2485
2.1961 0.6910 0.2373
2.1991 0.7327 0.2503
2.2020 0.6966 0.2471
2.2050 0.6939 0.2460
2.2080 0.7454 0.2512
2.2109 0.7335 0.2502
2.2139 0.7285 0.2491
2.2169 0.7637 0.2611
2.2198 0.7209 0.2464
2.2228 0.7476 0.2628
2.2257 2.5825 2.0113
2.2287 -.9999 -.9999
2.2316 -.9999 -.9999
2.2346 1.5129 0.9066
2.2375 0.6125 0.2818
2.2404 0.7829 0.2680
2.2434 0.7442 0.2549
2.2463 0.7644 0.2617
2.2492 0.7845 0.2661
2.2521 0.7273 0.2496
2.2550 0.7677 0.2606
2.2580 0.7440 0.2550
2.2609 0.7965 0.2700
2.2638 0.7313 0.2492
2.2667 0.8045 0.2733
2.2696 0.7525 0.2560
2.2725 0.6921 0.2374
2.2754 0.7819 0.2668
2.2783 0.7321 0.2602
2.2812 0.7266 0.2480
2.2841 0.7569 0.2592
2.2870 0.7272 0.2495
2.2899 0.7983 0.2773
2.2928 0.7917 0.2758
2.2957 0.6769 0.2294
2.2986 0.9898 0.3875
2.3015 0.9736 0.4047
2.3044 0.7601 0.2594
2.3073 0.8127 0.2785
2.3102 0.7082 0.2444
2.3131 0.7280 0.2477
2.3160 0.7339 0.2512
2.3189 0.7329 0.2489
2.3218 0.7329 0.2541
2.3246 0.7442 0.2550
2.3275 0.8011 0.2752
2.3304 0.7373 0.2502
2.3333 0.7713 0.2655
2.3362 0.7037 0.2440
2.3391 0.7650 0.2601
2.3420 0.9585 0.3254
2.3449 0.8322 0.2818
2.3478 0.7151 0.2457
2.3507 0.7877 0.2749
2.3536 0.7666 0.2603
2.3565 0.7777 0.2720
2.3594 0.7961 0.2744
2.3623 0.7488 0.2577
2.3652 0.7248 0.2507
2.3681 0.8305 0.2960
2.3710 0.7140 0.2656
2.3739 0.7786 0.2903
2.3768 0.7547 0.2593
2.3797 0.8054 0.2869
2.3827 0.7935 0.2849
2.3856 0.8358 0.2828
2.3885 0.9478 0.3279
2.3914 0.7800 0.2671
2.3943 0.7520 0.2645
2.3973 0.7244 0.2733
2.4002 0.7189 0.2530
2.4031 0.7768 0.2759
2.4061 0.7747 0.2718
2.4090 0.7085 0.2733
2.4120 0.7701 0.2870
2.4149 0.7906 0.2988
2.4179 0.5553 0.2412
2.4208 0.7082 0.2570
2.4238 0.8132 0.2847
2.4268 0.8691 0.3082
2.4297 0.7817 0.2925
2.4327 0.7753 0.2681
2.4357 0.6963 0.2550
2.4387 0.8926 0.3094
2.4417 0.8488 0.3694
2.4447 0.7892 0.3228
2.4477 0.7890 0.2991
2.4507 0.9583 0.3361
2.4537 0.7628 0.3034
2.4567 0.7624 0.3115
2.4597 0.7279 0.2876
2.4628 0.8589 0.3354
2.4658 0.7180 0.2596
2.4689 0.7341 0.3013
2.4719 0.6464 0.3266
2.4750 1.2025 0.4679
2.4780 -.9999 -.9999
2.4811 -.9999 -.9999
2.4842 -.9999 -.9999
2.4873 0.8074 0.5482
2.4904 0.9804 0.4645
2.4935 0.8822 0.5957
2.4966 0.9406 0.5798
2.4997 0.9934 0.5650
2.5028 1.1484 0.4678
