0.7007 0.8152 0.0208
0.7022 0.7763 0.0142
0.7037 0.7310 0.0198
0.7052 0.7809 0.0150
0.7068 0.7181 0.0130
0.7084 0.7802 0.0087
0.7100 0.7482 0.0149
0.7117 0.7927 0.0120
0.7134 0.7571 0.0146
0.7152 0.7664 0.0095
0.7169 0.7433 0.0189
0.7187 0.7995 0.0154
0.7206 0.7816 0.0120
0.7225 0.8178 0.0118
0.7244 0.7722 0.0150
0.7263 0.7784 0.0143
0.7282 0.7550 0.0096
0.7302 0.7916 0.0100
0.7323 0.7392 0.0128
0.7343 0.8343 0.0104
0.7364 0.8188 0.0117
0.7385 0.7854 0.0106
0.7407 0.9319 0.0097
0.7428 1.0054 0.0079
0.7450 1.0148 0.0126
0.7473 0.8797 0.0104
0.7495 0.8430 0.0069
0.7518 0.8522 0.0105
0.7541 0.8084 0.0081
0.7564 0.8069 0.0123
0.7588 0.8377 0.0108
0.7612 0.8588 0.0100
0.7636 0.8071 0.0096
0.7661 0.8690 0.0089
0.7686 0.8495 0.0064
0.7711 0.8025 0.0076
0.7736 0.7990 0.0067
0.7761 0.7770 0.0077
0.7787 0.7882 0.0074
0.7813 0.8528 0.0073
0.7840 0.8346 0.0080
0.7866 0.7897 0.0047
0.7893 0.8286 0.0077
0.7920 0.8663 0.0085
0.7947 0.7721 0.0090
0.7975 0.8038 0.0067
0.8003 0.7831 0.0090
0.8031 0.7899 0.0064
0.8059 0.7949 0.0061
0.8087 0.7991 0.0068
0.8116 0.8407 0.0079
0.8145 0.8383 0.0094
0.8174 0.7775 0.0079
0.8204 0.8293 0.0046
0.8233 0.7682 0.0087
0.8263 0.7937 0.0067
0.8293 0.8007 0.0063
0.8323 0.8415 0.0067
0.8354 0.8294 0.0060
0.8384 0.8194 0.0046
0.8415 0.8164 0.0064
0.8446 0.8164 0.0068
0.8478 0.8202 0.0062
0.8509 0.8275 0.0043
0.8541 0.8274 0.0067
0.8573 0.8174 0.0049
0.8605 0.8232 0.0053
0.8637 0.8229 0.0055
0.8669 0.8047 0.0077
0.8702 0.7690 0.0064
0.8735 0.8031 0.0058
0.8768 0.8122 0.0066
0.8801 0.7607 0.0060
0.8835 0.7548 0.0057
0.8868 0.7517 0.0051
0.8902 0.7667 0.0048
0.8936 0.7534 0.0061
0.8970 0.7532 0.0064
0.9004 0.7853 0.0048
0.9039 0.7858 0.0053
0.9073 0.7838 0.0054
0.9108 0.7459 0.0066
0.9143 0.7553 0.0072
0.9178 0.8010 0.0072
0.9213 0.7546 0.0063
0.9249 0.7643 0.0059
0.9284 0.7643 0.0069
0.9320 0.7762 0.0061
0.9356 0.7850 0.0081
0.9392 0.7893 0.0046
0.9428 0.7729 0.0055
0.9464 0.7787 0.0051
0.9501 0.7559 0.0054
0.9537 0.8164 0.0056
0.9574 0.8112 0.0073
0.9611 0.7794 0.0077
0.9648 0.7657 0.0067
0.9685 0.8239 0.0055
0.9722 0.7759 0.0077
0.9760 0.7903 0.0063
0.9797 0.8024 0.0046
0.9835 0.7974 0.0083
0.9873 0.7850 0.0055
0.9911 0.8532 0.0090
0.9949 0.8091 0.0057
0.9987 0.8572 0.0066
1.0025 0.8099 0.0040
1.0063 0.7975 0.0038
1.0102 0.7946 0.0061
1.0141 0.8621 0.0088
1.0179 0.8190 0.0098
1.0218 0.8077 0.0128
1.0257 0.8208 0.0046
1.0296 0.8281 0.0058
1.0335 0.8289 0.0081
1.0375 0.8821 0.0136
1.0414 0.8737 0.0061
1.0453 0.8902 0.0066
1.0493 0.8336 0.0048
1.0533 0.8369 0.0079
1.0572 0.8332 0.0057
1.0612 0.8440 0.0069
1.0652 0.8413 0.0056
1.0692 0.8822 0.0046
1.0732 0.8303 0.0054
1.0773 0.8421 0.0086
1.0813 0.8421 0.0048
1.0853 0.8577 0.0101
1.0894 0.8497 0.0089
1.0934 0.8725 0.0064
1.0975 0.9335 0.0053
1.1016 0.8881 0.0056
1.1056 0.8758 0.0065
1.1097 0.8958 0.0066
1.1138 0.8715 0.0074
1.1179 0.8664 0.0079
1.1220 0.8713 0.0079
1.1261 0.8757 0.0059
1.1302 0.8446 0.0041
1.1344 0.8708 0.0062
1.1385 0.8848 0.0076
1.1426 0.8782 0.0051
1.1468 0.8922 0.0053
1.1509 0.9010 0.0047
1.1551 0.8984 0.0035
1.1592 0.9042 0.0081
1.1634 0.8814 0.0048
1.1676 0.8983 0.0081
1.1718 0.8983 0.0071
1.1759 0.9086 0.0053
1.1801 0.9159 0.0059
1.1843 0.9102 0.0084
1.1885 0.8938 0.0051
1.1927 0.9081 0.0054
1.1969 0.9100 0.0044
1.2011 0.9163 0.0103
1.2053 0.9065 0.0073
1.2096 0.9224 0.0134
1.2138 0.9231 0.0051
1.2180 0.9300 0.0054
1.2222 0.9181 0.0048
1.2265 0.9260 0.0068
1.2307 0.9372 0.0041
1.2349 0.9362 0.0103
1.2392 0.9278 0.0032
1.2434 0.9308 0.0038
1.2477 0.9249 0.0037
1.2519 0.9571 0.0038
1.2562 0.8798 0.0060
1.2604 0.9644 0.0071
1.2647 1.0002 0.0079
1.2690 1.0409 0.0095
1.2732 0.9473 0.0095
1.2775 1.0405 0.0063
1.2817 1.0220 0.0076
1.2860 0.9546 0.0101
1.2903 0.9580 0.0101
1.2945 0.9392 0.0078
1.2988 0.9541 0.0059
1.3031 0.9680 0.0045
1.3074 0.9528 0.0067
1.3116 0.9714 0.0090
1.3159 1.0129 0.0077
1.3202 1.0709 0.0067
1.3245 1.0033 0.0094
1.3287 0.9646 0.0073
1.3330 0.9782 0.0117
1.3373 1.0398 0.0124
1.3416 0.9532 0.0091
1.3458 1.0259 0.0212
1.3501 1.0517 0.0490
1.3544 1.0493 0.0332
1.3587 1.0492 0.0296
1.3630 0.9801 0.0160
1.3672 0.8946 0.0087
1.3715 0.8722 0.0146
1.3758 0.8334 0.0178
1.3800 0.8963 0.0116
1.3843 0.8523 0.0109
1.3886 0.9569 0.0108
1.3929 0.9167 0.0128
1.3971 0.9404 0.0098
1.4014 0.9377 0.0066
1.4057 0.9286 0.0018
1.4099 0.9776 0.0047
1.4142 0.9717 0.0080
1.4185 0.9712 0.0102
1.4227 0.9862 0.0033
1.4270 0.9837 0.0102
1.4312 0.9841 0.0077
1.4355 0.9730 0.0078
1.4397 1.0108 0.0063
1.4440 1.0241 0.0032
1.4482 1.0352 0.0071
1.4525 1.0161 0.0034
1.4567 1.0644 0.0077
1.4610 1.0534 0.0044
1.4652 1.0187 0.0053
1.4694 1.0052 0.0050
1.4737 1.0460 0.0056
1.4779 1.0505 0.0010
1.4821 1.0917 0.0059
1.4863 1.0186 0.0051
1.4905 0.9639 0.0072
1.4948 0.9988 0.0113
1.4990 1.0381 0.0043
1.5032 1.0265 0.0036
1.5074 0.9674 0.0052
1.5116 0.9371 0.0070
1.5158 1.0511 0.0020
1.5200 1.0016 0.0050
1.5242 1.0150 0.0026
1.5283 0.9826 0.0064
1.5325 1.0430 0.0024
1.5367 1.0221 0.0077
1.5409 1.0148 0.0088
1.5450 1.0214 0.0031
1.5492 1.0164 0.0057
1.5534 1.0178 0.0037
1.5575 1.0122 0.0027
1.5617 1.0284 0.0064
1.5658 1.0257 0.0102
1.5700 0.9721 0.0070
1.5741 1.0419 0.0096
1.5782 1.0120 0.0060
1.5824 1.0048 0.0051
1.5865 0.9822 0.0020
1.5906 0.9853 0.0045
1.5947 1.0192 0.0062
1.5988 0.9672 0.0026
1.6029 1.0025 0.0038
1.6070 1.0285 0.0066
1.6111 0.9707 0.0037
1.6152 1.0406 0.0043
1.6193 0.9941 0.0046
1.6233 1.0270 0.0050
1.6274 0.9925 0.0023
1.6315 1.0056 0.0032
1.6355 0.9733 0.0112
1.6396 0.9913 0.0189
1.6436 0.9950 0.0074
1.6477 0.9940 0.0063
1.6517 0.9766 0.0045
1.6557 1.0085 0.0051
1.6598 0.9810 0.0021
1.6638 1.0233 0.0038
1.6678 0.9928 0.0052
1.6718 1.0417 0.0083
1.6758 0.9997 0.0073
1.6798 1.0100 0.0046
1.6838 1.0385 0.0042
1.6877 0.9870 0.0027
1.6917 0.9851 0.0081
1.6957 0.9806 0.0030
1.6996 0.9696 0.0032
1.7036 1.0318 0.0079
1.7075 0.9769 0.0085
1.7115 1.0029 0.0073
1.7154 0.9980 0.0024
1.7193 1.0044 0.0081
1.7233 0.9744 0.0039
1.7272 0.9671 0.0042
1.7311 0.9258 0.0051
1.7350 0.9782 0.0066
1.7389 0.9649 0.0050
1.7428 0.9861 0.0080
1.7466 0.9776 0.0076
1.7505 1.0024 0.0132
1.7544 1.0012 0.0038
1.7582 0.9522 0.0055
1.7621 0.9537 0.0075
1.7659 1.0123 0.0041
1.7698 0.9750 0.0101
1.7736 0.9366 0.0082
1.7774 0.9870 0.0072
1.7812 1.0149 0.0068
1.7851 0.9758 0.0042
1.7889 0.9882 0.0046
1.7927 0.9225 0.0035
1.7964 0.9394 0.0067
1.8002 0.9716 0.0099
1.8040 0.9133 0.0077
1.8078 0.8896 0.0097
1.8115 0.9288 0.0105
1.8153 1.0309 0.0094
1.8190 0.9972 0.0103
1.8227 0.9785 0.0096
1.8265 1.0355 0.0347
1.8302 1.0534 0.0739
1.8339 0.9579 0.0664
1.8376 1.0663 0.0613
1.8413 1.9616 0.0487
1.8450 0.8839 0.0541
1.8487 1.1354 0.0656
1.8524 0.9384 0.0546
1.8560 0.7005 0.0343
1.8597 0.8759 0.0374
1.8634 0.8512 0.0305
1.8670 0.8794 0.1214
1.8706 1.0416 0.0574
1.8743 0.8881 0.0523
1.8779 0.8876 0.0281
1.8815 0.8415 0.0358
1.8851 0.9367 0.0223
1.8887 0.7877 0.0399
1.8923 0.8020 0.1919
1.8959 0.9042 0.1171
1.8995 0.9286 0.0554
1.9030 1.0162 0.0491
1.9066 0.9531 0.0329
1.9102 0.8334 0.0450
1.9137 0.9906 0.0191
1.9173 0.9391 0.0133
1.9208 0.9175 0.0161
1.9243 0.9455 0.0248
1.9278 0.9362 0.0235
1.9313 0.8702 0.0121
1.9348 0.9311 0.0073
1.9383 1.0288 0.0129
1.9418 0.9485 0.0067
1.9453 0.8746 0.0144
1.9488 0.8762 0.0064
1.9522 0.8993 0.0156
1.9557 0.9016 0.0112
1.9591 0.8504 0.0069
1.9626 0.9601 0.0090
1.9660 0.9882 0.0087
1.9695 0.9213 0.0080
1.9729 0.9091 0.0397
1.9763 0.9801 0.0258
1.9797 0.9896 0.0110
1.9831 0.9481 0.0092
1.9865 0.9671 0.0081
1.9899 0.9401 0.0074
1.9932 0.9575 0.0067
1.9966 0.9417 0.0054
2.0000 0.9768 0.0159
2.0033 0.9713 0.0151
2.0067 1.0173 0.0084
2.0100 0.9797 0.0054
2.0133 1.0424 0.0097
2.0167 1.0203 0.0216
2.0200 0.8398 0.3106
2.0233 0.8828 0.2603
2.0266 0.9933 0.0210
2.0299 1.0051 0.0055
2.0332 0.9299 0.0072
2.0365 0.9011 0.0045
2.0397 0.9844 0.0095
2.0430 1.0072 0.0050
2.0463 1.0599 0.0049
2.0495 0.9687 0.0069
2.0528 1.0038 0.0109
2.0560 1.0357 0.0111
2.0593 1.0197 0.0077
2.0625 0.9935 0.0059
2.0657 0.9875 0.0064
2.0689 0.9881 0.0062
2.0721 0.9592 0.0087
2.0753 1.0318 0.0067
2.0785 0.9531 0.0043
2.0817 0.9268 0.0076
2.0849 0.9382 0.0037
2.0881 0.9621 0.0035
2.0913 0.9613 0.0044
2.0944 0.9801 0.0059
2.0976 0.9211 0.0049
2.1007 0.9225 0.0063
2.1039 0.9184 0.0089
2.1070 0.9343 0.0069
2.1102 0.9685 0.0038
2.1133 0.9540 0.0032
2.1164 0.9906 0.0089
2.1195 0.9664 0.4861
2.1226 0.9524 2.6532
2.1257 0.9388 1.7270
2.1288 0.9496 0.0423
2.1319 0.9835 0.0063
2.1350 0.9499 0.0040
2.1381 0.9999 0.0105
2.1412 0.9652 0.0051
2.1442 0.9432 0.0053
2.1473 1.0266 0.0071
2.1504 1.0056 0.0077
2.1534 0.9982 0.0069
2.1565 0.9802 0.0076
2.1595 1.0047 0.0024
2.1626 0.9719 0.0071
2.1656 1.0204 0.0101
2.1686 1.1290 0.0055
2.1716 1.0673 0.0098
2.1747 1.0731 0.0051
2.1777 1.0274 0.0071
2.1807 0.9653 0.0074
2.1837 0.9594 0.0132
2.1867 0.9485 0.0100
2.1897 1.0020 0.0084
2.1927 1.0169 0.0054
2.1957 0.9900 0.0037
2.1987 0.8730 0.0050
2.2016 0.9110 0.0056
2.2046 0.9873 0.0019
2.2076 0.9735 0.0029
2.2105 0.9945 0.0074
2.2135 1.0258 0.0037
2.2165 0.9694 0.0050
2.2194 0.9683 0.0172
2.2224 1.0457 0.0053
2.2253 0.9449 0.0078
2.2283 0.9694 0.0050
2.2312 1.0059 0.0063
2.2341 0.9813 0.0031
2.2371 0.9743 0.0096
2.2400 0.9864 0.0054
2.2429 1.0433 0.0092
2.2459 1.0664 0.0028
2.2488 0.9846 0.0099
2.2517 0.9117 0.0090
2.2546 1.0107 0.0075
2.2575 1.0228 0.0121
2.2605 1.0224 0.0101
2.2634 1.0195 0.0043
2.2663 1.0735 0.0058
2.2692 1.0939 0.0067
2.2721 0.9797 0.0062
2.2750 1.0267 0.0073
2.2779 1.0335 0.0154
2.2808 1.0409 0.0084
2.2837 0.9640 0.0075
2.2866 1.0868 0.0054
2.2895 1.0334 0.0039
2.2923 0.9367 0.0071
2.2952 0.9286 0.0087
2.2981 0.9661 0.0062
2.3010 1.0029 0.0068
2.3039 0.9575 0.0111
2.3068 0.9929 0.0063
2.3097 1.0344 0.0181
2.3125 1.0301 0.0081
2.3154 1.0032 0.0058
2.3183 1.0721 0.0089
2.3212 1.1560 0.0167
2.3241 1.2139 0.0133
2.3269 0.9830 0.0098
2.3298 0.9649 0.0074
2.3327 1.0447 0.0106
2.3356 1.0447 0.0145
2.3385 1.0228 0.0127
2.3413 1.1149 0.0158
2.3442 1.0903 0.0099
2.3471 0.9759 0.0183
2.3500 1.0719 0.0159
2.3529 1.1008 0.0208
2.3557 1.0994 0.0252
2.3586 1.0510 0.0791
2.3615 1.1320 0.1260
2.3644 0.9980 0.0956
2.3673 0.9121 0.0452
2.3702 1.0855 0.0122
2.3731 1.0679 0.0342
2.3760 1.0751 0.0248
2.3788 1.0156 0.0184
2.3817 1.0627 0.0206
2.3846 1.0365 0.0094
2.3875 1.0345 0.0291
2.3904 1.0372 0.0166
2.3933 0.9595 0.0252
2.3963 1.0504 0.0198
2.3992 1.0095 0.0409
2.4021 1.0537 0.0360
2.4050 1.0572 0.0425
2.4079 1.0235 0.0416
2.4108 1.0128 0.0386
2.4137 1.0116 0.0257
2.4167 1.1474 0.0277
2.4196 1.1332 0.0352
2.4225 1.0007 0.0420
2.4255 0.9463 0.0496
2.4284 0.9917 0.0485
2.4314 1.1779 0.0236
2.4343 0.9326 0.0416
2.4373 0.9037 0.0708
2.4402 0.8227 0.0668
2.4432 1.0595 0.0960
2.4462 0.8172 0.1382
2.4491 0.7118 0.1016
2.4521 0.8599 0.0563
2.4551 1.1110 0.0460
2.4581 1.1493 0.0402
2.4611 0.9045 0.0688
2.4641 1.0521 0.0685
2.4671 0.9508 0.0651
2.4701 1.1283 0.0716
2.4731 1.2784 0.1244
2.4761 0.8293 0.1326
2.4792 0.4859 0.1781
2.4822 0.9199 0.2292
2.4853 1.1975 0.2664
2.4883 0.7897 0.2040
2.4914 1.1949 0.1753
2.4944 1.0531 0.1242
2.4975 0.8558 0.2010
