0.7003 0.8996 0.0078
0.7019 0.8989 0.0066
0.7036 0.9028 0.0057
0.7052 0.9024 0.0077
0.7070 0.9016 0.0077
0.7087 0.9084 0.0060
0.7105 0.9060 0.0065
0.7123 0.9071 0.0061
0.7141 0.9083 0.0087
0.7160 0.9041 0.0073
0.7179 0.9047 0.0064
0.7198 0.9078 0.0070
0.7218 0.9120 0.0072
0.7238 0.9077 0.0067
0.7258 0.9126 0.0067
0.7279 0.9121 0.0088
0.7299 0.9128 0.0057
0.7320 0.9128 0.0050
0.7342 0.9184 0.0062
0.7363 0.9229 0.0053
0.7385 0.9132 0.0055
0.7408 0.9140 0.0055
0.7430 0.9290 0.0058
0.7453 0.9159 0.0055
0.7476 0.9177 0.0067
0.7499 0.9217 0.0051
0.7523 0.9183 0.0062
0.7547 0.9220 0.0047
0.7571 0.9106 0.0067
0.7595 0.9188 0.0074
0.7620 0.9281 0.0052
0.7645 0.9115 0.0068
0.7670 0.9047 0.0062
0.7696 0.9219 0.0049
0.7721 0.9247 0.0067
0.7747 0.9140 0.0042
0.7774 0.9147 0.0054
0.7800 0.9220 0.0065
0.7827 0.9134 0.0050
0.7854 0.9061 0.0070
0.7881 0.9132 0.0069
0.7908 0.9157 0.0048
0.7936 0.9134 0.0055
0.7964 0.9218 0.0046
0.7992 0.9069 0.0054
0.8020 0.8960 0.0061
0.8049 0.9071 0.0076
0.8078 0.9008 0.0049
0.8107 0.9045 0.0060
0.8136 0.9008 0.0054
0.8165 0.9036 0.0045
0.8195 0.8961 0.0046
0.8225 0.8933 0.0063
0.8255 0.8929 0.0040
0.8285 0.8964 0.0046
0.8316 0.8932 0.0053
0.8346 0.8972 0.0038
0.8377 0.8902 0.0041
0.8408 0.8851 0.0069
0.8440 0.8828 0.0042
0.8471 0.8851 0.0038
0.8503 0.8829 0.0053
0.8535 0.8794 0.0042
0.8567 0.8699 0.0040
0.8599 0.8764 0.0040
0.8632 0.8760 0.0033
0.8664 0.8654 0.0061
0.8697 0.8663 0.0048
0.8730 0.8647 0.0040
0.8763 0.8604 0.0046
0.8797 0.8641 0.0046
0.8830 0.8631 0.0041
0.8864 0.8499 0.0041
0.8898 0.8424 0.0061
0.8932 0.8469 0.0071
0.8966 0.8495 0.0052
0.9001 0.8475 0.0061
0.9035 0.8448 0.0056
0.9070 0.8424 0.0076
0.9105 0.8399 0.0068
0.9140 0.8425 0.0053
0.9175 0.8368 0.0074
0.9210 0.8410 0.0107
0.9246 0.8486 0.0051
0.9282 0.8470 0.0054
0.9317 0.8416 0.0074
0.9353 0.8472 0.0041
0.9389 0.8462 0.0031
0.9426 0.8404 0.0053
0.9462 0.8456 0.0041
0.9498 0.8471 0.0056
0.9535 0.8561 0.0050
0.9572 0.8537 0.0051
0.9609 0.8489 0.0060
0.9646 0.8437 0.0080
0.9683 0.8592 0.0047
0.9720 0.8586 0.0070
0.9758 0.8535 0.0075
0.9795 0.8660 0.0057
0.9833 0.8661 0.0043
0.9871 0.8704 0.0036
0.9909 0.8739 0.0029
0.9947 0.8762 0.0045
0.9985 0.8828 0.0034
1.0023 0.8829 0.0029
1.0062 0.8820 0.0028
1.0100 0.8744 0.0041
1.0139 0.8874 0.0043
1.0178 0.8843 0.0033
1.0216 0.8813 0.0038
1.0255 0.8910 0.0030
1.0294 0.8892 0.0023
1.0334 0.8895 0.0023
1.0373 0.8884 0.0031
1.0412 0.8852 0.0048
1.0452 0.8972 0.0046
1.0491 0.8984 0.0039
1.0531 0.8998 0.0035
1.0570 0.8991 0.0035
1.0610 0.8942 0.0036
1.0650 0.9030 0.0035
1.0690 0.8995 0.0034
1.0730 0.9036 0.0043
1.0770 0.9052 0.0014
1.0811 0.9115 0.0059
1.0851 0.9153 0.0033
1.0891 0.9158 0.0051
1.0932 0.9098 0.0058
1.0972 0.9180 0.0056
1.1013 0.9240 0.0031
1.1054 0.9187 0.0044
1.1094 0.9200 0.0031
1.1135 0.9318 0.0016
1.1176 0.9230 0.0033
1.1217 0.9233 0.0047
1.1258 0.9182 0.0046
1.1299 0.9200 0.0032
1.1340 0.9289 0.0025
1.1382 0.9301 0.0042
1.1423 0.9358 0.0027
1.1464 0.9305 0.0041
1.1506 0.9423 0.0076
1.1547 0.9416 0.0030
1.1589 0.9399 0.0022
1.1630 0.9449 0.0049
1.1672 0.9482 0.0047
1.1714 0.9479 0.0037
1.1755 0.9527 0.0031
1.1797 0.9524 0.0042
1.1839 0.9464 0.0037
1.1881 0.9580 0.0057
1.1923 0.9548 0.0040
1.1965 0.9568 0.0021
1.2007 0.9567 0.0039
1.2049 0.9581 0.0038
1.2091 0.9629 0.0032
1.2133 0.9550 0.0049
1.2175 0.9670 0.0029
1.2217 0.9639 0.0020
1.2259 0.9607 0.0068
1.2302 0.9728 0.0017
1.2344 0.9742 0.0022
1.2386 0.9631 0.0033
1.2428 0.9696 0.0025
1.2471 0.9717 0.0023
1.2513 0.9720 0.0028
1.2556 0.9636 0.0072
1.2598 0.9761 0.0116
1.2640 0.9832 0.0034
1.2683 0.9740 0.0035
1.2725 0.9694 0.0043
1.2768 0.9693 0.0032
1.2810 0.9709 0.0053
1.2853 0.9790 0.0034
1.2896 0.9776 0.0020
1.2938 0.9760 0.0030
1.2981 0.9782 0.0016
1.3023 0.9784 0.0038
1.3066 0.9752 0.0027
1.3108 0.9799 0.0022
1.3151 0.9764 0.0055
1.3194 0.9810 0.0025
1.3236 0.9849 0.0018
1.3279 0.9748 0.0019
1.3322 0.9809 0.0035
1.3364 0.9656 0.0042
1.3407 0.9636 0.0064
1.3450 0.9758 0.0031
1.3492 0.9514 0.0068
1.3535 0.9421 0.0161
1.3577 0.9759 0.0100
1.3620 0.9294 0.0104
1.3663 0.9528 0.0105
1.3705 0.9460 0.0056
1.3748 0.9701 0.0076
1.3791 0.9860 0.0072
1.3833 0.9825 0.0062
1.3876 0.9626 0.0037
1.3918 0.9630 0.0052
1.3961 0.9900 0.0034
1.4003 0.9859 0.0058
1.4046 0.9847 0.0033
1.4088 0.9767 0.0019
1.4131 0.9798 0.0017
1.4173 0.9849 0.0034
1.4216 0.9947 0.0033
1.4258 0.9892 0.0030
1.4301 0.9870 0.0014
1.4343 0.9979 0.0023
1.4386 1.0017 0.0028
1.4428 1.0009 0.0017
1.4470 1.0012 0.0032
1.4513 1.0052 0.0023
1.4555 1.0097 0.0032
1.4597 1.0059 0.0046
1.4639 1.0100 0.0023
1.4682 1.0095 0.0038
1.4724 1.0053 0.0025
1.4766 1.0003 0.0041
1.4808 1.0154 0.0018
1.4850 1.0145 0.0015
1.4892 1.0150 0.0034
1.4934 1.0165 0.0017
1.4976 1.0014 0.0019
1.5018 1.0135 0.0067
1.5060 1.0197 0.0027
1.5102 1.0101 0.0039
1.5144 1.0242 0.0033
1.5186 1.0246 0.0027
1.5227 1.0212 0.0016
1.5269 1.0209 0.0016
1.5311 1.0176 0.0031
1.5353 1.0126 0.0008
1.5394 1.0154 0.0041
1.5436 1.0222 0.0020
1.5477 1.0218 0.0024
1.5519 1.0171 0.0036
1.5560 1.0230 0.0008
1.5602 1.0146 0.0038
1.5643 1.0168 0.0026
1.5684 1.0162 0.0030
1.5726 1.0179 0.0022
1.5767 1.0119 0.0025
1.5808 1.0162 0.0022
1.5849 1.0190 0.0044
1.5890 1.0130 0.0021
1.5931 1.0204 0.0018
1.5972 1.0155 0.0026
1.6013 1.0153 0.0031
1.6054 1.0119 0.0016
1.6095 1.0063 0.0050
1.6136 0.9995 0.0028
1.6176 1.0129 0.0032
1.6217 1.0115 0.0017
1.6258 1.0028 0.0012
1.6298 1.0063 0.0013
1.6339 1.0082 0.0017
1.6379 1.0075 0.0018
1.6419 1.0037 0.0009
1.6460 1.0074 0.0021
1.6500 1.0049 0.0015
1.6540 1.0015 0.0010
1.6580 1.0047 0.0010
1.6620 0.9974 0.0010
1.6661 0.9941 0.0017
1.6701 0.9973 0.0022
1.6740 0.9837 0.0047
1.6780 0.9843 0.0068
1.6820 0.9991 0.0023
1.6860 0.9934 0.0018
1.6899 0.9933 0.0029
1.6939 0.9897 0.0009
1.6979 0.9872 0.0021
1.7018 0.9786 0.0012
1.7058 0.9792 0.0024
1.7097 0.9869 0.0011
1.7136 0.9854 0.0036
1.7175 0.9782 0.0015
1.7215 0.9753 0.0015
1.7254 0.9775 0.0016
1.7293 0.9830 0.0014
1.7332 0.9858 0.0011
1.7370 0.9827 0.0032
1.7409 0.9811 0.0022
1.7448 0.9822 0.0016
1.7487 0.9820 0.0018
1.7525 0.9832 0.0022
1.7564 0.9769 0.0026
1.7602 0.9781 0.0026
1.7641 0.9778 0.0023
1.7679 0.9641 0.0026
1.7717 0.9689 0.0026
1.7756 0.9741 0.0021
1.7794 0.9473 0.0087
1.7832 0.9730 0.0017
1.7870 0.9687 0.0059
1.7908 0.9721 0.0052
1.7946 0.9610 0.0023
1.7983 0.9586 0.0031
1.8021 0.9595 0.0026
1.8059 0.9525 0.0042
1.8096 0.9503 0.0035
1.8134 0.9435 0.0043
1.8171 0.9527 0.0027
1.8209 0.9570 0.0045
1.8246 0.9485 0.0045
1.8283 0.9492 0.0070
1.8320 0.9342 0.0058
1.8357 0.9533 0.0091
1.8394 0.9550 0.0139
1.8431 0.9259 0.0152
1.8468 0.9105 0.0126
1.8505 0.9370 0.0177
1.8541 0.9734 0.0143
1.8578 0.9747 0.0146
1.8615 0.9367 0.0120
1.8651 0.9277 0.0133
1.8687 0.9418 0.0083
1.8724 0.9935 0.0180
1.8760 0.9929 0.0196
1.8796 0.9617 0.0204
1.8832 0.9382 0.0150
1.8868 0.9644 0.0093
1.8904 0.9674 0.0061
1.8940 0.9600 0.0058
1.8976 0.9503 0.0059
1.9012 0.9445 0.0111
1.9047 0.9436 0.0072
1.9083 0.9577 0.0136
1.9118 0.9278 0.0091
1.9154 0.9476 0.0152
1.9189 0.9601 0.0072
1.9224 0.9511 0.0096
1.9260 0.9323 0.0065
1.9295 0.9566 0.0081
1.9330 0.9476 0.0048
1.9365 0.9478 0.0055
1.9400 0.9440 0.0043
1.9434 0.9434 0.0047
1.9469 0.9545 0.0030
1.9504 0.9473 0.0042
1.9539 0.9553 0.0031
1.9573 0.9545 0.0031
1.9608 0.9476 0.0023
1.9642 0.9513 0.0048
1.9676 0.9505 0.0030
1.9710 0.9467 0.0039
1.9745 0.9557 0.0019
1.9779 0.9485 0.0030
1.9813 0.9473 0.0027
1.9847 0.9470 0.0026
1.9881 0.9502 0.0023
1.9914 0.9496 0.0026
1.9948 0.9421 0.0029
1.9982 0.9361 0.0036
2.0015 0.9363 0.0024
2.0049 0.9474 0.0045
2.0082 0.9448 0.0041
2.0116 0.9304 0.0064
2.0149 0.9284 0.0039
2.0182 0.9548 0.0044
2.0215 0.9576 0.0030
2.0248 0.9443 0.0042
2.0282 0.9507 0.0028
2.0314 0.9518 0.0036
2.0347 0.9544 0.0028
2.0380 0.9568 0.0015
2.0413 0.9457 0.0022
2.0446 0.9490 0.0027
2.0478 0.9419 0.0026
2.0511 0.9430 0.0045
2.0543 0.9550 0.0046
2.0576 0.9560 0.0035
2.0608 0.9477 0.0039
2.0640 0.9478 0.0039
2.0672 0.9509 0.0033
2.0705 0.9651 0.0036
2.0737 0.9564 0.0039
2.0769 0.9529 0.0027
2.0801 0.9596 0.0027
2.0833 0.9564 0.0037
2.0864 0.9614 0.0037
2.0896 0.9619 0.0042
2.0928 0.9614 0.0030
2.0959 0.9600 0.0035
2.0991 0.9622 0.0020
2.1023 0.9571 0.0026
2.1054 0.9663 0.0029
2.1085 0.9688 0.0030
2.1117 0.9645 0.0030
2.1148 0.9748 0.0034
2.1179 0.9692 0.0033
2.1210 0.9747 0.0032
2.1242 0.9749 0.0024
2.1273 0.9657 0.0037
2.1304 0.9707 0.0027
2.1334 0.9693 0.0019
2.1365 0.9647 0.0028
2.1396 0.9657 0.0034
2.1427 0.9714 0.0030
2.1458 0.9715 0.0025
2.1488 0.9700 0.0028
2.1519 0.9709 0.0027
2.1549 0.9701 0.0032
2.1580 0.9698 0.0037
2.1610 0.9685 0.0030
2.1641 0.9717 0.0030
2.1671 0.9734 0.0023
2.1701 0.9730 0.0032
2.1732 0.9767 0.0033
2.1762 0.9691 0.0036
2.1792 0.9738 0.0061
2.1822 0.9660 0.1317
2.1852 0.9776 0.1376
2.1882 0.9868 0.0143
2.1912 0.9641 0.0044
2.1942 0.9692 0.0034
2.1972 0.9640 0.0032
2.2002 0.9664 0.0020
2.2032 0.9777 0.0035
2.2061 0.9672 0.0030
2.2091 0.9713 0.0033
2.2121 0.9727 0.0047
2.2150 0.9692 0.0033
2.2180 0.9740 0.0039
2.2209 0.9741 0.0043
2.2239 0.9658 0.0734
2.2268 0.9735 0.1192
2.2298 0.9907 0.0386
2.2327 0.9719 0.0070
2.2357 0.9707 0.0036
2.2386 0.9714 0.0046
2.2415 0.9804 0.0034
2.2445 0.9759 0.0032
2.2474 0.9666 0.0041
2.2503 0.9801 0.0047
2.2532 0.9765 0.0029
2.2561 0.9776 0.0037
2.2591 0.9784 0.0035
2.2620 0.9739 0.0036
2.2649 0.9782 0.0034
2.2678 0.9732 0.0023
2.2707 0.9754 0.0037
2.2736 0.9799 0.0036
2.2765 0.9818 0.0037
2.2794 0.9802 0.0048
2.2823 0.9784 0.0038
2.2852 0.9794 0.0032
2.2881 0.9773 0.0031
2.2909 0.9726 0.0046
2.2938 0.9710 0.0045
2.2967 0.9762 0.0029
2.2996 0.9777 0.0033
2.3025 0.9776 0.0033
2.3054 0.9769 0.0036
2.3082 0.9709 0.0065
2.3111 0.9801 0.0044
2.3140 0.9802 0.0034
2.3169 0.9782 0.0053
2.3197 0.9790 0.0035
2.3226 0.9743 0.0038
2.3255 0.9808 0.0032
2.3284 0.9876 0.0044
2.3312 0.9800 0.0033
2.3341 0.9854 0.0050
2.3370 0.9748 0.0044
2.3399 0.9767 0.0055
2.3427 0.9843 0.0077
2.3456 0.9745 0.0034
2.3485 0.9838 0.0082
2.3514 0.9867 0.0064
2.3542 0.9832 0.0048
2.3571 0.9743 0.0035
2.3600 0.9790 0.0042
2.3629 0.9788 0.0039
2.3657 0.9816 0.0074
2.3686 0.9803 0.0118
2.3715 0.9528 0.0398
2.3744 1.0048 0.0753
2.3773 1.0275 0.0693
2.3801 0.9800 0.0373
2.3830 0.9859 0.0103
2.3859 0.9780 0.0059
2.3888 0.9827 0.0055
2.3917 0.9901 0.0049
2.3946 0.9814 0.0047
2.3975 0.9821 0.0061
2.4004 0.9866 0.0065
2.4033 0.9875 0.0119
2.4062 0.9761 0.0067
2.4091 0.9671 0.0061
2.4120 0.9871 0.0064
2.4149 0.9864 0.0097
2.4178 0.9799 0.0101
2.4207 0.9825 0.0056
2.4236 0.9819 0.0061
2.4266 0.9818 0.0060
2.4295 0.9904 0.0071
2.4324 0.9850 0.0072
2.4354 0.9780 0.0086
2.4383 0.9724 0.0062
2.4412 0.9794 0.0066
2.4442 0.9892 0.0096
2.4471 0.9838 0.0062
2.4501 0.9759 0.0085
2.4531 0.9727 0.0087
2.4560 0.9780 0.0180
2.4590 1.0009 0.0544
2.4620 1.0549 0.0789
2.4649 1.0701 0.0514
2.4679 1.0127 0.0141
2.4709 0.9800 0.0094
2.4739 0.9752 0.0100
2.4769 0.9657 0.0131
2.4799 0.9805 0.0134
2.4829 0.9794 0.0119
2.4860 0.9817 0.0145
2.4890 0.9653 0.0228
2.4920 0.9777 0.0236
2.4951 0.9673 0.0189
2.4981 0.9832 0.0211
2.5012 0.9659 0.0185
